rawdata/1.bmp 2 56 71 307 64 28 213 274 71
rawdata/10.bmp 3 209 317 671 121 173 109 701 123 202 480 685 107
rawdata/11.bmp 2 46 7 514 116 54 151 498 107
rawdata/12.bmp 1 29 120 680 197
rawdata/14.bmp 1 168 179 198 98
rawdata/15.bmp 1 151 155 156 76
rawdata/16.bmp 1 196 303 117 46
rawdata/17.bmp 1 278 200 250 53
rawdata/18.bmp 1 107 112 85 38
rawdata/19.bmp 1 5 3 204 99
rawdata/2.bmp 2 134 167 464 95 130 541 461 89
rawdata/20.bmp 1 123 247 132 68
rawdata/21.bmp 1 23 39 233 108
rawdata/22.bmp 1 17 7 352 175
rawdata/23.bmp 1 94 96 91 41
rawdata/24.bmp 1 186 118 367 181
rawdata/25.bmp 1 6 8 236 112
rawdata/26.bmp 1 256 48 426 204
rawdata/27.bmp 1 85 96 832 409
rawdata/28.bmp 1 239 86 185 102
rawdata/29.bmp 3 55 30 303 59 420 141 135 68 98 229 154 76
rawdata/3.bmp 1 368 321 268 55
rawdata/30.bmp 6 137 194 252 127 614 209 182 124 1015 198 283 139 149 575 218 41 570 610 283 61 1040 563 220 106
rawdata/31.bmp 1 262 291 242 57
rawdata/32.bmp 1 338 446 137 63
rawdata/33.bmp 1 264 312 220 58
rawdata/34.bmp 1 214 370 176 40
rawdata/35.bmp 1 273 597 187 38
rawdata/36.bmp 120 8 7 74 13 9 24 78 19 6 46 79 18 7 66 77 22 7 91 74 19 9 113 73 19 12 138 68 18 7 163 52 15 11 183 70 18 6 206 78 17 10 226 69 18 12 246 70 18 8 266 79 18 9 291 77 18 9 316 67 15 10 337 69 17 12 356 54 17 7 378 84 19 11 399 69 19 10 424 75 16 8 445 70 15 117 13 71 16 119 37 74 19 115 60 63 15 118 83 77 14 116 104 68 14 117 126 74 12 114 146 77 18 116 171 73 13 118 192 69 17 117 219 70 15 117 239 76 18 115 260 72 19 115 283 68 18 114 309 80 16 114 333 78 17 113 355 55 16 114 376 61 17 115 398 53 16 116 423 63 12 118 444 81 14 230 13 79 12 230 29 90 19 232 56 73 13 231 76 80 21 231 102 63 19 235 127 62 18 233 154 75 16 234 176 72 18 232 199 77 14 232 220 76 16 234 246 71 16 231 266 77 17 234 289 76 19 234 315 70 14 235 334 44 16 235 358 89 21 236 384 72 17 235 407 73 19 237 435 64 16 238 455 83 16 351 7 97 24 353 33 70 19 355 54 72 14 357 71 77 20 353 94 66 16 351 115 67 19 354 138 68 19 353 166 66 17 355 189 73 18 358 214 65 14 356 233 50 17 355 256 81 19 356 285 72 17 362 310 63 16 359 333 54 17 362 356 71 17 357 375 85 18 361 400 78 20 360 427 58 21 359 451 48 17 471 10 87 18 474 33 88 21 474 58 80 20 477 84 77 17 473 110 84 16 471 129 77 17 476 151 72 16 473 172 72 18 475 193 64 18 476 218 67 15 475 236 73 21 478 264 64 15 480 281 79 21 477 305 70 17 480 323 75 16 480 348 73 18 481 375 71 12 483 393 60 14 483 413 60 15 482 436 72 19 599 13 71 18 600 36 85 18 600 61 82 22 600 88 78 16 605 116 72 16 604 141 78 14 602 161 70 17 603 183 61 18 601 202 63 17 604 223 68 16 603 243 80 19 604 266 75 16 608 290 83 15 605 312 82 18 608 338 80 18 607 360 70 19 607 382 82 17 611 409 73 19 608 432 48 19
rawdata/37.bmp 1 100 240 336 208
rawdata/38.bmp 1 193 246 113 20
rawdata/39.bmp 1 287 394 237 47
rawdata/4.bmp 1 138 164 202 45
rawdata/40.bmp 1 198 387 829 232
rawdata/41.bmp 1
rawdata/42.bmp 1 133 350 115 25
rawdata/43.bmp 1 37 14 383 73
rawdata/44.bmp 1 147 104 713 131
rawdata/46.bmp 2 33 10 265 58 67 152 201 49
rawdata/5.bmp 1 149 167 447 91
rawdata/6.bmp 2 33 8 265 59 69 153 199 49
rawdata/7.bmp 1 73 85 213 45
rawdata/8.bmp 1 18 17 168 78
rawdata/9.bmp 6 26 16 231 107 312 40 245 115 620 63 236 64 31 247 235 114 364 279 316 67 350 394 349 76
